,City,Lat,Lng,Max Temp,Humidity,Cloudiness,Wind Speed,Country,Date
0,Hithadhoo,-0.6,73.08,84.92,72,8,9.95,MV,1587410828
1,Kifrī,34.7,44.97,74.28,33,2,5.5,IQ,1587410829
2,Busselton,-33.65,115.33,62.01,61,19,10.83,AU,1587410829
3,Qaanaaq,77.48,-69.36,12.51,85,97,10.22,GL,1587410829
4,Thompson,55.74,-97.86,21.2,67,90,12.75,CA,1587410829
5,Shiyan,32.65,110.78,52.25,75,100,1.83,CN,1587410830
6,Hong Kong,22.29,114.16,78.8,78,20,8.05,HK,1587410665
7,Cape Town,-33.93,18.42,62.01,93,75,3.36,ZA,1587410679
8,Northam,51.03,-4.22,60.01,61,25,8.99,GB,1587410830
9,Kaitangata,-46.28,169.85,42.01,86,67,4.0,NZ,1587410830
10,Longyearbyen,78.22,15.64,23.0,62,40,18.34,SJ,1587410831
11,Kapaa,22.08,-159.32,79.0,78,1,6.93,US,1587410831
12,Gwadar,25.12,62.33,83.89,59,0,12.39,PK,1587410831
13,Tamworth,52.63,-1.7,51.01,62,0,11.99,GB,1587410815
14,Warrington,53.39,-2.58,53.6,37,0,24.16,GB,1587410832
15,Tura,25.52,90.22,69.64,74,92,1.77,IN,1587410832
16,Petrovskoye,57.01,39.27,37.33,75,37,7.83,RU,1587410832
17,East London,-33.02,27.91,75.07,80,43,20.71,ZA,1587410832
18,Tasiilaq,65.61,-37.64,33.8,86,75,4.7,GL,1587410832
19,Punta Arenas,-53.15,-70.92,50.0,66,75,19.46,CL,1587410833
20,Terra Santa,-2.1,-56.49,85.26,69,81,2.77,BR,1587410833
21,Saint-Philippe,-21.36,55.77,77.0,73,65,11.41,RE,1587410833
22,Garissa,-0.45,39.64,83.05,59,100,9.51,KE,1587410833
23,Vaini,-21.2,-175.2,77.0,88,75,8.05,TO,1587410834
24,Rikitea,-23.12,-134.97,75.94,76,10,4.94,PF,1587410834
25,Ulaangom,49.98,92.07,39.31,47,11,0.29,MN,1587410834
26,Yambio,4.57,28.4,71.96,65,55,2.33,SS,1587410834
27,Kodinsk,58.69,99.18,25.63,90,0,4.09,RU,1587410835
28,Ushuaia,-54.8,-68.3,44.6,75,75,29.97,AR,1587410682
29,Mataura,-46.19,168.86,39.99,96,51,1.99,NZ,1587410835
30,Otofuke,42.99,143.2,44.47,93,100,3.11,JP,1587410835
31,Port Alfred,-33.59,26.89,64.99,94,24,3.0,ZA,1587410836
32,Chumikan,54.72,135.31,21.22,95,100,12.24,RU,1587410836
33,Morón,-34.65,-58.62,87.01,48,0,5.82,AR,1587410836
34,New Norfolk,-42.78,147.06,48.99,83,42,1.01,AU,1587410836
35,Margate,51.38,1.39,52.0,75,0,26.28,GB,1587410546
36,Santa Lucía,27.91,-15.54,71.6,53,20,16.11,ES,1587410837
37,Atuona,-9.8,-139.03,82.29,71,27,13.73,PF,1587410837
38,Faanui,-16.48,-151.75,81.86,77,99,21.47,PF,1587410837
39,Batagay-Alyta,67.8,130.41,18.93,87,97,1.16,RU,1587410837
40,Port Elizabeth,-33.92,25.57,68.0,64,6,14.99,ZA,1587410837
41,Nizwá,22.93,57.53,86.4,20,24,2.42,OM,1587410838
42,São Filipe,14.9,-24.5,71.94,77,2,18.37,CV,1587410838
43,Arraial do Cabo,-22.97,-42.03,78.8,69,0,9.17,BR,1587410838
44,Albany,42.6,-73.97,51.8,23,75,11.41,US,1587410839
45,Barrow,71.29,-156.79,-0.4,91,90,10.29,US,1587410839
46,Tocopilla,-22.09,-70.2,83.86,29,0,7.0,CL,1587410839
47,Caravelas,-17.71,-39.25,78.89,73,36,13.87,BR,1587410839
48,Haridwar,29.97,78.17,74.1,32,82,4.5,IN,1587410840
49,Ponta do Sol,32.67,-17.1,64.4,52,20,19.46,PT,1587410840
50,Bluff,-46.6,168.33,39.99,96,46,1.99,NZ,1587410840
51,Derzhavīnsk,51.1,66.32,62.69,40,100,6.71,KZ,1587410840
52,Port Lincoln,-34.73,135.87,59.11,77,26,11.79,AU,1587410841
53,Los Llanos de Aridane,28.66,-17.92,68.0,77,40,18.34,ES,1587410841
54,Upernavik,72.79,-56.15,30.0,92,95,8.5,GL,1587410841
55,Trincomalee,8.57,81.23,82.26,81,22,7.78,LK,1587410771
56,Hilo,19.73,-155.09,78.8,57,20,9.17,US,1587410841
57,Bredasdorp,-34.53,20.04,62.6,59,91,8.05,ZA,1587410842
58,Cabra,37.47,-4.44,57.0,76,78,4.0,ES,1587410842
59,San Cristobal,7.77,-72.22,93.2,46,20,11.41,VE,1587410842
60,Lundazi,-12.29,33.18,63.5,64,12,4.16,ZM,1587410842
61,Saskylakh,71.92,114.08,19.56,97,15,9.24,RU,1587410843
62,Avarua,-21.21,-159.78,80.6,78,2,12.75,CK,1587410843
63,Ossora,59.24,163.07,8.91,86,26,9.26,RU,1587410843
64,Tuktoyaktuk,69.45,-133.04,6.8,84,90,8.05,CA,1587410843
65,Saint George,37.1,-113.58,69.8,32,1,3.36,US,1587410843
66,Pacific Grove,36.62,-121.92,60.8,67,90,9.17,US,1587410833
67,Port Hedland,-20.32,118.57,78.8,94,73,6.93,AU,1587410844
68,Saint-Michel-des-Saints,46.68,-73.92,44.01,3,0,1.01,CA,1587410844
69,Naranjal,-2.67,-79.62,88.0,62,40,6.93,EC,1587410844
70,Tuatapere,-46.13,167.68,39.99,96,60,1.99,NZ,1587410735
71,Ambon City,-3.7,128.18,81.55,77,98,2.64,ID,1587410845
72,Isangel,-19.55,169.27,79.34,82,96,4.68,VU,1587410845
73,Carnarvon,-24.87,113.63,68.0,72,0,14.99,AU,1587410845
74,Chokurdakh,70.63,147.92,15.48,97,100,6.85,RU,1587410845
75,Khatanga,71.97,102.5,24.44,94,69,8.37,RU,1587410845
76,Fort Nelson,58.81,-122.7,51.8,55,90,3.36,CA,1587410846
77,Zheleznodorozhnyy,55.75,38.0,39.2,72,71,8.95,RU,1587410846
78,Broken Hill,-31.95,141.43,57.2,62,100,3.36,AU,1587410846
79,Broome,42.25,-75.83,52.0,39,1,4.68,US,1587410846
80,Lebu,-37.62,-73.65,61.21,57,45,16.04,CL,1587410847
81,Narasannapeta,18.42,84.05,79.0,66,87,5.32,IN,1587410847
82,Ust'-Ishim,57.69,71.17,43.43,87,100,11.97,RU,1587410847
83,Kavaratti,10.57,72.64,86.09,69,87,7.02,IN,1587410847
84,Pokhvistnevo,53.65,52.13,48.63,50,92,10.38,RU,1587410848
85,Ilulissat,69.22,-51.1,33.8,47,75,9.17,GL,1587410848
86,Palu,-0.89,119.87,76.03,80,21,2.1,ID,1587410848
87,Iqaluit,63.75,-68.51,3.2,65,75,18.34,CA,1587410815
88,Fairview,40.81,-74.0,55.99,30,1,9.17,US,1587410849
89,Balsas,-7.53,-46.04,85.26,66,38,6.4,BR,1587410798
90,Tambacounda,13.75,-13.76,104.0,13,26,6.93,SN,1587410849
91,Rock Springs,41.59,-109.2,51.8,29,75,10.29,US,1587410849
92,Rawson,-43.3,-65.1,60.46,33,4,13.65,AR,1587410849
93,Sittwe,20.15,92.9,78.4,86,0,6.11,MM,1587410850
94,Tomatlán,19.93,-105.25,88.3,41,0,8.48,MX,1587410850
95,Leningradskiy,69.38,178.42,4.91,90,81,6.62,RU,1587410850
96,Kaoma,-14.78,24.8,65.41,53,95,5.66,ZM,1587410850
97,Lesozavodsk,45.48,133.42,39.36,90,100,7.81,RU,1587410851
98,Yellowknife,62.46,-114.35,19.4,57,75,11.41,CA,1587410851
99,Moose Factory,51.26,-80.61,33.8,47,90,25.28,CA,1587410851
100,Praia da Vitória,38.73,-27.07,60.8,67,20,6.17,PT,1587410851
101,Manggar,-2.88,108.27,81.82,79,40,3.8,ID,1587410852
102,Lavrentiya,65.58,-171.0,15.39,92,100,6.64,RU,1587410852
103,Dikson,73.51,80.55,31.71,97,100,22.28,RU,1587410852
104,Weligama,5.97,80.42,79.88,85,62,7.45,LK,1587410852
105,Newcastle,-32.93,151.78,62.01,63,72,8.05,AU,1587410575
106,Dingle,11.0,122.67,79.75,83,37,8.34,PH,1587410853
107,Shache,38.42,77.24,56.23,41,80,3.98,CN,1587410853
108,Bonthe,7.53,-12.51,83.32,75,100,8.66,SL,1587410853
109,Erdaojiang,41.78,126.03,28.53,79,10,7.94,CN,1587410854
110,Cusset,46.13,3.46,64.4,93,100,5.82,FR,1587410854
111,Lima,-12.04,-77.03,77.0,61,38,9.17,PE,1587410789
112,Torbay,47.67,-52.73,44.01,88,20,36.91,CA,1587410854
113,Ylivieska,64.08,24.55,39.99,68,98,8.01,FI,1587410855
114,Ngunguru,-35.62,174.5,60.01,99,100,8.01,NZ,1587410855
115,Guerrero Negro,27.98,-114.06,65.62,60,88,18.25,MX,1587410855
116,Sabzawār,36.21,57.68,68.27,31,12,3.02,IR,1587410855
117,Sovetskiy,61.36,63.58,39.07,71,92,3.02,RU,1587410855
118,Taksimo,56.34,114.88,12.74,80,33,5.99,RU,1587410856
119,Ayagoz,47.97,80.44,51.96,43,0,13.22,KZ,1587410856
120,Boa Esperança do Sul,-21.99,-48.39,77.5,58,20,3.42,BR,1587410856
121,Richards Bay,-28.78,32.04,73.33,84,0,14.85,ZA,1587410856
122,Shimoda,34.67,138.95,53.01,95,49,19.53,JP,1587410856
123,Mehamn,71.04,27.85,39.2,64,40,26.4,NO,1587410857
124,Macomb,40.46,-90.67,63.0,44,75,16.11,US,1587410857
125,Jumla,29.27,82.18,46.29,30,97,2.93,NP,1587410857
126,Newport,51.59,-3.0,57.99,59,26,1.99,GB,1587410857
127,Rome,43.21,-75.46,50.0,36,1,5.82,US,1587410857
128,Ribeira Grande,38.52,-28.7,60.8,72,40,16.11,PT,1587410858
129,Haines Junction,60.75,-137.51,40.51,63,100,7.65,CA,1587410858
130,Puerto Ayora,-0.74,-90.35,87.8,66,75,18.34,EC,1587410858
131,Lüderitz,-26.65,15.16,64.4,72,10,8.05,NA,1587410858
132,Port Blair,11.67,92.75,84.18,73,6,7.81,IN,1587410858
133,Chui,-33.7,-53.46,77.13,52,0,3.44,UY,1587410859
134,Codrington,-38.27,141.97,53.22,76,76,13.24,AU,1587410859
135,Soweto,-26.27,27.86,62.6,59,0,2.24,ZA,1587410681
136,Cidreira,-30.18,-50.21,74.8,62,0,6.46,BR,1587410859
137,Hermanus,-34.42,19.23,57.0,99,99,1.99,ZA,1587410859
138,Lithakia,37.72,20.83,62.6,82,20,3.83,GR,1587410860
139,Muravlenko,63.79,74.52,32.59,91,64,8.3,RU,1587410860
140,Thinadhoo,0.53,72.93,84.92,75,59,8.95,MV,1587410860
141,Castro,-24.79,-50.01,74.57,30,0,2.1,BR,1587410861
142,Kamaishi,39.27,141.88,49.26,80,48,10.27,JP,1587410861
143,Lakselv,70.05,24.97,39.2,55,82,46.08,NO,1587410861
144,Hobart,-42.88,147.33,50.0,71,50,10.29,AU,1587410731
145,Jamestown,42.1,-79.24,48.99,49,1,4.7,US,1587410791
146,Butaritari,3.07,172.79,82.4,78,97,11.77,KI,1587410862
147,Nurota,40.56,65.69,57.2,62,0,9.17,UZ,1587410862
148,Canutama,-6.53,-64.38,92.7,53,58,0.74,BR,1587410862
149,Manado,1.49,124.85,77.0,94,40,1.95,ID,1587410862
150,Januária,-15.48,-44.37,79.0,61,74,5.12,BR,1587410862
151,Karpogory,64.0,44.45,30.56,97,81,3.13,RU,1587410863
152,Novobirilyussy,56.95,90.67,37.18,69,50,5.55,RU,1587410863
153,Tsimmerbude,54.67,20.13,41.0,86,0,8.95,RU,1587410863
154,Ballina,-28.87,153.57,59.0,93,93,6.42,AU,1587410864
155,Khovu-Aksy,51.13,93.6,38.93,39,63,1.72,RU,1587410864
156,Mogapinyana,-22.37,27.6,68.0,64,1,1.54,BW,1587410864
157,Adrar,20.5,-10.07,85.15,12,0,12.73,MR,1587410864
158,Lucea,18.45,-78.17,88.0,74,40,17.22,JM,1587410864
159,Jining,35.41,116.58,49.68,41,78,9.01,CN,1587410865
160,Trivandrum,8.48,76.92,84.2,74,20,0.67,IN,1587410865
161,Lorengau,-2.02,147.27,81.91,75,66,1.9,PG,1587410865
162,Firozpur,30.92,74.6,66.2,72,40,5.82,IN,1587410865
163,Meulaboh,4.14,96.13,80.42,83,89,3.62,ID,1587410865
164,San Blas,21.52,-105.27,87.8,40,5,9.17,MX,1587410866
165,Tripoli,32.88,13.19,71.6,58,37,11.7,LY,1587410835
166,Airai,-8.93,125.41,61.07,71,1,2.48,TL,1587410866
167,Wittenberge,53.0,11.75,54.0,48,0,8.99,DE,1587410866
168,Nishihara,26.18,127.76,68.0,88,75,3.36,JP,1587410866
169,Bertoua,4.58,13.68,72.97,69,67,2.77,CM,1587410867
170,Mahébourg,-20.41,57.7,75.2,88,75,9.17,MU,1587410867
171,Awjilah,29.11,21.29,85.08,13,0,14.92,LY,1587410867
172,Bambous Virieux,-20.34,57.76,75.2,88,75,9.17,MU,1587410867
173,Grand Gaube,-20.01,57.66,73.0,88,14,5.01,MU,1587410868
174,Aguadilla,18.43,-67.15,86.0,80,11,10.67,PR,1587410868
175,Zhuhai,22.28,113.57,78.8,100,40,5.82,CN,1587410868
176,Aklavik,68.22,-135.01,12.2,66,90,5.82,CA,1587410869
177,Najrān,17.49,44.13,64.4,93,75,6.93,SA,1587410869
178,Opuwo,-18.06,13.84,76.08,32,19,5.79,NA,1587410869
179,Anadyr,64.75,177.48,3.2,84,20,4.47,RU,1587410869
180,Provideniya,64.38,-173.3,17.6,78,75,11.18,RU,1587410869
181,Mar del Plata,-38.0,-57.56,73.0,56,63,9.17,AR,1587410722
182,Viedma,-40.81,-63.0,63.68,32,42,15.73,AR,1587410870
183,Barra Patuca,15.8,-84.28,86.11,62,6,15.68,HN,1587410870
184,Poya,-21.35,165.15,73.96,82,52,7.58,NC,1587410870
185,Huarmey,-10.07,-78.15,79.92,55,4,10.71,PE,1587410871
186,Bhachāu,23.28,70.35,83.62,53,0,12.93,IN,1587410871
187,Tiksi,71.69,128.87,22.21,95,100,4.52,RU,1587410871
188,Thanh Hoa,19.8,105.77,76.08,92,1,6.17,VN,1587410871
189,Lanzhou,36.06,103.79,44.6,22,40,6.71,CN,1587410872
190,Mattru,7.62,-11.83,83.71,76,84,3.69,SL,1587410872
191,Kayerkan,69.35,87.76,32.0,92,90,20.13,RU,1587410769
192,Cockburn Town,21.46,-71.14,79.79,81,3,16.78,TC,1587410873
193,Souillac,-20.52,57.52,75.2,88,75,9.17,MU,1587410873
194,Srednekolymsk,67.45,153.68,4.6,92,89,8.3,RU,1587410873
195,Iaciara,-14.1,-46.63,81.79,59,91,0.72,BR,1587410873
196,Norman Wells,65.28,-126.83,30.2,92,90,2.24,CA,1587410873
197,Clearwater,27.97,-82.8,80.01,69,75,10.29,US,1587410739
198,Bengkulu,-3.8,102.27,78.67,82,89,3.58,ID,1587410874
199,Novikovo,51.15,37.89,41.14,66,76,6.93,RU,1587410874
200,Khovd,48.01,91.64,40.89,30,0,0.6,MN,1587410874
201,Mahon,39.89,4.27,59.0,100,75,4.7,ES,1587410767
202,Nanortalik,60.14,-45.24,31.6,86,0,7.7,GL,1587410875
203,Clyde River,70.47,-68.59,3.2,77,20,4.7,CA,1587410875
204,Mandalgovi,45.76,106.27,19.62,54,0,8.72,MN,1587410875
205,Alta Floresta,-9.88,-56.09,82.4,78,75,6.93,BR,1587410875
206,Sulangan,11.14,123.72,81.82,82,52,13.87,PH,1587410876
207,Paragominas,-2.97,-47.48,87.28,65,63,0.98,BR,1587410876
208,Morecambe,54.07,-2.86,53.01,43,0,23.04,GB,1587410803
209,Djibouti,11.5,42.5,86.0,74,90,8.05,DJ,1587410876
210,Burnie,-41.07,145.92,52.0,71,46,4.0,AU,1587410876
211,San Patricio,19.22,-104.7,86.0,74,40,11.41,MX,1587410877
212,Balkanabat,39.51,54.37,75.47,30,0,2.48,TM,1587410877
213,Madīnat Sittah Uktūbar,29.82,31.05,71.6,43,13,16.11,EG,1587410877
214,Inuvik,68.35,-133.72,12.2,66,90,5.82,CA,1587410877
215,Auki,-8.77,160.7,81.07,77,77,5.79,SB,1587410877
216,Lagos,6.58,3.75,84.2,79,20,9.17,NG,1587410628
217,Saldanha,-33.01,17.94,62.6,82,100,2.24,ZA,1587410878
218,Palera,25.02,79.23,87.26,20,99,13.15,IN,1587410878
219,Jacksonville,30.33,-81.66,84.2,42,75,17.22,US,1587410824
220,Gonaïves,19.45,-72.68,84.2,62,40,14.99,HT,1587410879
221,Esperance,-33.87,121.9,57.2,76,0,11.41,AU,1587410879
222,Antón Lizardo,19.05,-95.98,95.0,47,5,8.05,MX,1587410879
223,Barra de Tecoanapa,16.52,-98.75,88.21,49,0,10.92,MX,1587410880
224,Jijiga,9.35,42.8,66.31,53,99,7.72,ET,1587410880
225,Homer,59.64,-151.55,44.6,81,75,5.82,US,1587410798
226,Flinders,-34.58,150.86,57.99,73,91,1.01,AU,1587410880
227,Conceição do Araguaia,-8.26,-49.26,84.2,70,91,5.82,BR,1587410881
228,George Town,5.41,100.34,80.6,100,40,2.24,MY,1587410881
229,Hasaki,35.73,140.83,52.0,100,75,2.24,JP,1587410881
230,Blankenberge,51.31,3.13,60.01,58,0,14.99,BE,1587410881
231,Yenagoa,4.92,6.26,80.37,84,53,5.46,NG,1587410882
232,Buritis,-15.62,-46.42,77.09,64,89,4.74,BR,1587410882
233,Igrim,63.19,64.42,35.04,86,24,2.15,RU,1587410882
234,Esim,4.87,-2.24,83.82,75,5,8.77,GH,1587410882
235,Maceió,-9.67,-35.74,84.2,70,40,11.41,BR,1587410715
236,Yulara,-25.24,130.99,71.6,53,84,9.17,AU,1587410883
237,Santa Rosa,14.31,121.11,82.4,74,20,4.7,PH,1587410883
238,Pervomayskoye,43.92,46.71,53.67,68,81,8.86,RU,1587410883
239,Katsuura,35.13,140.3,53.01,93,75,1.12,JP,1587410883
240,Porto Santo,33.07,-16.34,62.6,55,40,19.46,PT,1587410884
241,Wajima,37.4,136.9,53.2,85,47,21.47,JP,1587410884
242,Constitución,-35.33,-72.42,69.03,40,96,15.12,CL,1587410884
243,Rakiv Lis,51.62,24.92,40.64,66,71,5.37,UA,1587410884
244,Marsassoum,12.83,-15.98,86.0,45,4,9.17,SN,1587410709
245,Nizhnyaya Omka,55.43,74.94,52.81,76,88,12.48,RU,1587410885
246,Mil'kovo,54.72,158.62,14.31,86,0,2.53,RU,1587410885
247,Port Hardy,50.7,-127.42,50.0,87,75,8.05,CA,1587410885
248,Bathsheba,13.22,-59.52,80.6,74,75,18.34,BB,1587410885
249,Talnakh,69.49,88.4,32.0,92,90,20.13,RU,1587410885
250,Asău,46.43,26.4,43.0,52,19,6.93,RO,1587410886
251,Kletnya,53.39,33.22,40.17,67,78,8.72,RU,1587410886
252,Riyadh,24.69,46.72,64.4,82,90,17.22,SA,1587410623
253,Te Horo,-40.81,175.12,53.01,84,100,1.01,NZ,1587410886
254,Saint Paul Harbor,57.79,-152.41,42.8,93,90,5.82,US,1587410886
255,Shalakusha,62.22,40.25,32.5,93,94,1.9,RU,1587410887
256,Gusau,12.16,6.66,94.1,23,93,8.21,NG,1587410887
257,Luangwa,-15.62,30.42,73.51,50,49,2.17,ZM,1587410887
258,Yumen,40.28,97.2,45.93,21,100,9.6,CN,1587410886
259,San Andrés,12.58,-81.7,87.8,66,20,9.17,CO,1587410663
260,Tayu,-6.54,111.05,80.89,78,100,3.36,ID,1587410888
261,Gurupá,-1.41,-51.64,82.96,71,98,2.62,BR,1587410888
262,Camapuã,-19.53,-54.04,84.78,50,25,4.14,BR,1587410889
263,Lagoa,39.05,-27.98,58.46,61,97,7.2,PT,1587410889
264,Tessalit,20.2,1.01,94.01,16,0,12.08,ML,1587410889
265,Eureka,40.8,-124.16,57.0,71,90,6.93,US,1587410889
266,Korla,41.76,86.15,59.0,41,87,5.01,CN,1587410890
267,Pyn U Lwin,22.03,96.47,73.65,25,0,1.19,MM,1587410890
268,Kruisfontein,-34.0,24.73,62.31,71,7,10.27,ZA,1587410890
269,La Grande,45.32,-118.09,64.4,39,1,5.82,US,1587410890
270,Fortuna,40.6,-124.16,55.99,81,90,4.7,US,1587410890
271,Areosa,41.72,-8.86,57.0,82,20,6.93,PT,1587410891
272,Pangnirtung,66.15,-65.71,15.8,85,90,3.36,CA,1587410891
273,Misratah,32.38,15.09,69.49,63,2,7.29,LY,1587410891
274,Emba,48.83,58.14,54.55,73,19,9.84,KZ,1587410891
275,Vao,-22.67,167.48,75.7,81,91,9.73,NC,1587410892
276,Ostrovnoy,68.05,39.51,33.82,90,80,19.91,RU,1587410892
277,Ponta Delgada,37.73,-25.67,59.0,62,20,4.7,PT,1587410892
278,Sørland,67.67,12.69,42.8,93,75,8.05,NO,1587410893
279,Lázaro Cárdenas,17.96,-102.2,83.86,57,38,8.52,MX,1587410893
280,Peniche,39.36,-9.38,57.0,76,58,8.99,PT,1587410893
281,Nemuro,43.32,145.57,39.97,98,100,22.06,JP,1587410893
282,Zyryanovsk,49.74,84.27,45.91,54,0,5.37,KZ,1587410894
283,Cherskiy,68.75,161.3,4.6,95,87,6.35,RU,1587410894
284,Malé,4.17,73.51,85.53,74,71,9.01,MV,1587410748
285,Halifax,44.65,-63.57,57.2,61,90,17.22,CA,1587410851
286,Cienfuegos,22.15,-80.44,89.6,62,4,12.75,CU,1587410895
287,Marzuq,14.4,46.47,70.45,56,83,12.33,YE,1587410895
288,Moïssala,8.34,17.77,87.19,38,62,3.4,TD,1587410895
289,Aksarka,66.56,67.8,33.08,95,100,11.48,RU,1587410896
290,Havelock,34.88,-76.9,60.8,87,90,14.99,US,1587410896
291,Thunder Bay,48.4,-89.32,44.01,28,40,19.46,CA,1587410897
292,Cruz Grande,16.73,-99.13,82.4,74,20,11.41,MX,1587410897
293,Shakiso,5.75,38.92,61.66,60,97,2.26,ET,1587410897
294,Chitral,35.85,71.79,48.02,27,33,3.53,PK,1587410644
295,Cândido de Abreu,-24.57,-51.33,81.97,30,1,0.85,BR,1587410897
296,Biak,-0.91,122.88,80.62,73,60,3.85,ID,1587410897
297,Cabo San Lucas,22.89,-109.91,80.6,47,5,9.17,MX,1587410705
298,Saint-Pierre,-21.34,55.48,77.0,73,63,11.41,RE,1587410876
299,Grand Island,40.92,-98.34,69.8,22,1,27.51,US,1587410898
300,Sirāthu,25.65,81.32,88.79,20,100,12.46,IN,1587410898
301,Puksoozero,62.59,40.61,30.67,95,93,2.28,RU,1587410899
302,Orlik,52.52,99.83,26.13,54,0,0.38,RU,1587410899
303,Two Rivers,44.15,-87.57,57.2,28,1,18.34,US,1587410899
304,Sayyan,15.17,44.32,58.3,41,100,2.57,YE,1587410899
305,Langsa,4.47,97.97,76.68,89,22,2.19,ID,1587410899
306,Hobyo,5.35,48.53,85.78,68,85,12.57,SO,1587410900
307,Sur,22.57,59.53,83.73,58,16,2.77,OM,1587410900
308,Vostok,46.49,135.88,29.52,79,100,6.11,RU,1587410900
309,Nagorsk,59.32,50.81,34.81,82,77,3.09,RU,1587410900
310,Nikolskoye,59.7,30.79,42.8,60,91,4.47,RU,1587410900
311,Bereda,43.27,-7.54,55.99,96,100,8.99,ES,1587410901
312,Lucera,41.51,15.34,57.2,87,75,6.93,IT,1587410901
313,College,64.86,-147.8,39.2,100,90,3.36,US,1587410901
314,Pundaguitan,6.37,126.17,82.29,79,7,7.49,PH,1587410901
315,Bethel,41.37,-73.41,57.0,37,1,9.17,US,1587410902
316,Pevek,69.7,170.31,0.81,93,93,4.12,RU,1587410902
317,Sitka,57.05,-135.33,44.6,81,90,4.7,US,1587410902
318,Matara,5.95,80.54,79.61,86,61,7.43,LK,1587410902
319,Guaymas,27.93,-110.9,87.01,30,40,11.41,MX,1587410903
320,Lompoc,34.64,-120.46,64.4,67,20,16.11,US,1587410784
321,Dauphin,51.15,-100.05,34.84,67,66,18.16,CA,1587410903
322,Coquimbo,-29.95,-71.34,62.6,82,75,6.93,CL,1587410810
323,Tilichiki,60.47,166.1,11.19,93,91,6.6,RU,1587410903
324,Lazo,43.38,133.9,38.25,81,100,1.57,RU,1587410904
325,Sakakah,29.97,40.21,73.4,40,40,8.05,SA,1587410904
326,Sabang,5.89,95.32,84.06,78,92,9.73,ID,1587410904
327,Voskresenskoye,56.84,45.43,39.25,74,84,4.0,RU,1587410904
328,Porlamar,10.96,-63.85,89.6,52,19,16.11,VE,1587410904
329,Arman',59.7,150.17,7.99,85,0,6.73,RU,1587410905
330,Kirkkonummi,60.12,24.44,51.01,66,98,3.89,FI,1587410905
331,Geraldton,-28.77,114.6,55.4,82,0,9.17,AU,1587410896
332,Vila Franca do Campo,37.72,-25.43,59.0,62,20,4.7,PT,1587410905
333,Yaan,7.38,8.57,89.47,44,83,5.57,NG,1587410905
334,Humaitá,-7.51,-63.02,88.29,66,55,1.61,BR,1587410906
335,Tongliao,43.61,122.27,32.43,68,51,21.56,CN,1587410906
336,Marsh Harbour,26.54,-77.06,84.02,72,77,20.98,BS,1587410906
337,Rongcheng,30.63,117.85,56.43,90,100,3.91,CN,1587410906
338,Bismarck,46.81,-100.78,60.8,26,75,27.51,US,1587410701
339,Kozlovo,56.52,36.27,36.37,77,59,5.88,RU,1587410907
340,Kahului,20.89,-156.47,77.0,65,0,5.82,US,1587410850
341,Aste,45.79,11.1,60.01,88,100,6.06,IT,1587410907
342,Dharmadam,11.78,75.43,83.43,78,76,4.03,IN,1587410908
343,Helena,46.59,-112.04,60.8,29,1,18.34,US,1587410908
344,Severo-Kuril'sk,50.68,156.12,29.03,91,34,8.1,RU,1587410908
345,Mount Gambier,-37.83,140.77,48.2,93,40,10.29,AU,1587410870
346,Poum,-20.23,164.02,77.81,85,46,15.84,NC,1587410873
347,Naze,28.37,129.48,64.4,72,2,5.82,JP,1587410909
348,Zabul Province,32.25,67.25,56.34,29,68,9.06,AF,1587410909
349,Safi,32.3,-9.24,64.58,70,3,18.72,MA,1587410909
350,Flagstaff,35.2,-111.65,62.01,26,1,9.17,US,1587410625
351,Ende,-8.84,121.66,81.09,73,4,2.59,ID,1587410910
352,Reconquista,-29.15,-59.65,87.75,30,0,4.81,AR,1587410910
353,Solnechnyy,50.72,136.63,23.99,91,100,11.97,RU,1587410911
354,Prainha,-1.8,-53.48,82.8,72,98,2.68,BR,1587410911
355,Nome,64.5,-165.41,30.99,100,90,6.93,US,1587410895
356,Coahuayana Viejo,18.73,-103.68,82.4,58,5,9.17,MX,1587410911
357,Norfolk,42.17,-71.25,54.0,46,1,9.17,US,1587410911
358,Khanbari,27.37,87.2,66.88,34,54,4.52,NP,1587410912
359,Carauari,-4.88,-66.9,89.51,51,59,3.27,BR,1587410912
360,Quesnel,53.0,-122.5,57.2,44,1,7.52,CA,1587410763
361,Cayenne,4.93,-52.33,73.4,100,40,2.24,GF,1587410912
362,Phan Thiet,10.93,108.1,76.62,86,33,5.93,VN,1587410912
363,Russell,32.35,-85.2,75.99,53,40,10.29,US,1587410897
364,Ternate,0.8,127.4,80.08,78,40,1.54,ID,1587410913
365,Akhtanizovskaya,45.32,37.1,37.0,93,25,10.71,RU,1587410913
366,Nuuk,64.18,-51.72,41.0,38,40,5.82,GL,1587410913
367,Oyama,36.3,139.8,57.0,93,75,1.12,JP,1587410913
368,Bisira,8.52,-81.71,74.44,41,20,2.62,PA,1587410914
369,Byron Bay,-28.65,153.62,59.0,93,97,4.68,AU,1587410914
370,Ankara,39.92,32.85,62.6,42,62,10.29,TR,1587410707
371,Kiboga,0.92,31.77,64.17,70,96,1.99,UG,1587410914
372,Taoudenni,22.68,-3.98,89.89,11,0,11.41,ML,1587410915
373,Port Moresby,-9.44,147.18,79.12,83,96,11.95,PG,1587410915
374,Arecibo,18.47,-66.72,84.99,72,20,4.0,PR,1587410915
375,Lakes Entrance,-37.88,147.98,39.0,92,50,5.93,AU,1587410915
376,Puerto Ayacucho,5.66,-67.62,89.6,55,40,4.7,VE,1587410915
377,Chitipa,-9.7,33.27,62.91,66,60,2.13,MW,1587410916
378,Tiznit Province,29.58,-9.5,60.12,52,0,12.21,MA,1587410916
379,Beringovskiy,63.05,179.32,10.92,94,92,12.62,RU,1587410916
380,Paamiut,61.99,-49.67,30.72,86,9,0.83,GL,1587410916
381,Zaraza,9.35,-65.32,97.86,30,39,2.82,VE,1587410916
382,Arlit,18.74,7.39,95.13,8,0,7.83,NE,1587410917
383,Pechora,65.15,57.22,34.11,92,87,7.29,RU,1587410917
384,Santa Vitória do Palmar,-33.52,-53.37,77.18,51,0,4.45,BR,1587410917
385,Tahe,52.33,124.73,21.61,92,100,13.09,CN,1587410918
386,Merauke,-8.47,140.33,78.58,89,98,9.69,ID,1587410706
387,Krasnosel'kup,65.7,82.47,33.82,96,100,10.94,RU,1587410918
388,Vega de Alatorre,20.03,-96.63,85.14,68,1,9.06,MX,1587410918
389,Tabou,4.42,-7.35,82.76,75,97,6.8,CI,1587410918
390,Touros,-5.2,-35.46,84.2,74,40,17.22,BR,1587410893
391,Vitim,59.45,112.56,19.26,92,40,1.1,RU,1587410919
392,Zhigansk,66.77,123.37,19.6,95,98,5.93,RU,1587410919
393,Dawlatabad,36.41,64.91,69.4,36,23,5.48,AF,1587410919
394,Road Town,18.42,-64.62,86.0,66,40,6.93,VG,1587410903
395,Takaka,-40.85,172.8,45.0,77,99,1.01,NZ,1587410920
396,Hillsboro,45.52,-122.99,64.0,59,1,4.7,US,1587410736
397,Brigantine,39.41,-74.36,57.2,50,1,8.05,US,1587410700
398,Brae,60.4,-1.35,46.4,70,0,9.17,GB,1587410920
399,Husavik,66.04,-17.34,53.6,58,79,13.87,IS,1587410921
400,Saint Anthony,45.02,-93.22,57.2,68,90,16.11,US,1587410921
401,Aswān,24.09,32.91,84.2,25,0,17.22,EG,1587410921
402,Nānākuli,21.39,-158.15,77.0,73,1,4.7,US,1587410921
403,Seoul,37.57,126.98,46.4,81,90,11.03,KR,1587410841
404,Padang,-0.95,100.35,78.71,75,88,4.36,ID,1587410922
405,Narsaq,60.92,-46.05,37.4,34,20,3.36,GL,1587410869
406,Pemba,-12.97,40.52,80.6,78,20,13.87,MZ,1587410922
407,San Quintín,30.48,-115.95,64.49,62,88,20.04,MX,1587410923
408,Iisalmi,63.56,27.19,42.8,85,75,6.93,FI,1587410923
409,Lubao,14.92,120.55,80.6,83,75,2.24,PH,1587410923
410,Whakatane,-37.96,176.99,54.0,99,98,4.79,NZ,1587410923
411,Mount Isa,-20.73,139.5,57.2,44,3,10.69,AU,1587410923
412,Øksfjord,70.24,22.35,41.0,93,75,23.04,NO,1587410924
413,Fukuechō,32.69,128.84,58.44,69,86,18.05,JP,1587410889
414,Bosobolo,4.18,19.9,75.85,75,85,3.49,CD,1587410924
415,Saint-Joseph,-21.37,55.62,77.0,73,63,11.41,RE,1587410924
416,Abū Zabad,12.35,29.25,83.37,12,77,6.93,SD,1587410924
417,Biltine,14.53,20.92,84.87,11,100,7.29,TD,1587410763
418,Luganville,-15.53,167.17,75.2,94,20,2.89,VU,1587410925
419,Salinas,36.68,-121.66,62.01,76,75,9.17,US,1587410837
420,San Miguel de Tucumán,-26.82,-65.22,84.2,45,0,4.74,AR,1587410925
421,Sartana,47.17,37.7,44.01,53,64,5.99,UA,1587410925
422,Santiago del Estero,-27.8,-64.26,87.85,28,0,11.83,AR,1587410926
423,Våler,60.68,11.83,53.01,18,0,4.65,NO,1587410926
424,Kėdainiai,55.29,23.97,44.6,48,98,2.24,LT,1587410926
425,Aripuanã,-9.17,-60.63,80.24,76,100,2.64,BR,1587410926
426,Rāmshīr,30.89,49.41,73.4,78,76,6.93,IR,1587410927
427,Forio,40.73,13.86,61.0,80,100,5.01,IT,1587410927
428,Blythe,33.61,-114.6,81.0,29,1,3.87,US,1587410927
429,Bulungu,-4.55,18.6,76.14,69,84,0.92,CD,1587410927
430,Itaporanga,-7.3,-38.15,84.25,62,100,4.74,BR,1587410662
431,Ban Nahin,18.24,104.21,82.13,50,2,1.77,LA,1587410928
432,Bāfq,31.61,55.41,75.22,26,100,2.91,IR,1587410928
433,Abbeville,50.1,1.83,62.01,47,15,13.98,FR,1587410928
434,Heyang,26.1,107.47,61.29,72,96,5.41,CN,1587410928
435,Yangi Marg`ilon,40.43,71.72,62.6,42,8,9.17,UZ,1587410929
436,Hofn,64.25,-15.21,46.4,93,90,3.36,IS,1587410929
437,Tarabuco,-19.17,-64.92,60.24,16,0,6.87,BO,1587410929
438,Tadine,-21.55,167.88,75.25,90,100,9.89,NC,1587410929
439,Sioux Lookout,50.1,-91.92,28.4,63,90,14.99,CA,1587410739
440,Nantucket,41.28,-70.1,46.0,75,90,16.11,US,1587410930
441,Urgut,39.4,67.24,60.8,63,24,2.24,UZ,1587410930
442,Tautira,-17.73,-149.15,86.0,66,92,3.36,PF,1587410930
443,Gōtsuchō,35.0,132.22,54.63,71,100,16.73,JP,1587410930
444,Juneau,58.3,-134.42,46.4,75,90,5.82,US,1587410726
445,Kiryat Gat,31.61,34.76,69.01,27,0,8.08,IL,1587410763
446,Suleja,9.18,7.18,89.6,55,20,11.41,NG,1587410931
447,Ust'-Kalmanka,52.12,83.31,54.32,51,20,6.67,RU,1587410931
448,Norrtälje,59.76,18.7,46.99,64,18,1.99,SE,1587410931
449,Trelew,-43.25,-65.31,61.41,31,8,15.86,AR,1587410932
450,Varhaug,58.61,5.65,51.01,66,0,3.36,NO,1587410932
451,Santa Barbara,34.42,-119.7,66.0,63,75,11.41,US,1587410932
452,Mayo,38.89,-76.51,61.0,58,1,8.05,US,1587410932
453,‘Ewa Beach,21.32,-158.01,77.0,69,1,3.36,US,1587410932
454,Tūkrah,32.53,20.58,79.07,23,9,16.11,LY,1587410933
455,São Lourenço do Sul,-31.37,-51.98,82.4,45,0,11.41,BR,1587410933
456,Makakilo City,21.35,-158.09,77.0,69,1,3.36,US,1587410933
457,Baruun-Urt,46.68,113.28,20.41,67,10,12.39,MN,1587410933
458,Goderich,43.75,-81.72,50.0,44,0,15.86,CA,1587410934
459,Sambava,-14.27,50.17,74.53,87,48,7.74,MG,1587410934
460,Berbera,10.44,45.01,85.53,74,100,8.59,SO,1587410934
461,Manakara,-22.13,48.02,73.15,86,41,5.41,MG,1587410934
462,Imbituba,-28.24,-48.67,80.6,54,0,10.29,BR,1587410934
463,Charters Towers,-20.1,146.27,68.13,66,20,4.43,AU,1587410851
464,Gadung,6.8,124.02,81.45,74,83,3.0,PH,1587410935
465,Chrastava,50.82,14.97,48.99,54,0,9.95,CZ,1587410705
466,Santo Estêvão,-12.43,-39.25,81.16,70,47,10.16,BR,1587410795
467,Berlevåg,70.86,29.09,35.91,81,98,27.51,NO,1587410936
468,Malbork,54.04,19.03,41.0,100,0,7.18,PL,1587410716
469,Kazachinskoye,57.7,93.28,36.7,70,98,7.05,RU,1587410936
470,Bulawayo,-20.15,28.58,58.32,31,0,7.11,ZW,1587410936
471,Kachug,53.96,105.88,23.31,82,0,4.88,RU,1587410937
472,Puerto Quijarro,-17.78,-57.77,88.65,52,29,4.29,BO,1587410937
473,Ribeira Brava,32.65,-17.07,64.4,52,20,19.46,PT,1587410937
474,Bajah,13.81,44.63,74.07,47,92,1.99,YE,1587410938
475,Kaka,37.35,59.61,70.68,28,5,5.53,TM,1587410938
476,Igarka,67.47,86.58,33.58,97,100,9.84,RU,1587410938
477,Alofi,-19.06,-169.92,77.0,83,20,8.05,NU,1587410939
478,Vardø,70.37,31.11,35.6,69,75,25.28,NO,1587410939
479,Yerbogachën,61.28,108.01,24.33,92,9,4.38,RU,1587410939
480,Beyneu,45.32,55.2,70.59,39,3,9.73,KZ,1587410939
481,Dunedin,-45.87,170.5,50.0,81,69,6.46,NZ,1587410724
482,Ambovombe,-25.17,46.08,70.75,78,0,15.01,MG,1587410940
483,Cumpas,29.98,-109.78,78.17,13,19,9.31,MX,1587410940
484,Havre-St-Pierre,50.23,-63.6,32.0,94,75,16.11,CA,1587410941
485,Udala,43.08,-2.51,55.4,82,20,8.05,ES,1587410942
486,Stuttgart,48.78,9.18,59.0,53,7,12.75,DE,1587410942
487,Kitui,-1.37,38.01,65.52,70,90,1.72,KE,1587410943
488,Puerto Colombia,10.99,-74.95,91.4,59,40,11.41,CO,1587410661
489,Martvili,42.41,42.38,64.4,59,75,16.11,GE,1587410943
490,Springbok,-29.66,17.89,57.04,37,12,6.08,ZA,1587410943
491,Rāvar,31.27,56.81,71.17,29,99,5.21,IR,1587410943
492,Bahía Solano,6.23,-77.4,82.44,75,55,7.63,CO,1587410944
493,Maryville,35.76,-83.97,69.01,48,40,8.05,US,1587410751
494,Vilyuysk,63.76,121.62,18.01,95,64,4.34,RU,1587410944
495,Sicamous,50.83,-118.99,50.0,80,66,1.77,CA,1587410944
496,Kargopol',61.51,38.95,33.1,89,89,2.71,RU,1587410945
497,Gazimurskiy Zavod,51.55,118.33,18.18,77,100,16.53,RU,1587410945
498,Oussouye,12.48,-16.55,86.0,78,0,9.17,SN,1587410945
499,Columbia,34.0,-81.03,66.0,63,90,8.05,US,1587410663
500,Krathum Baen,13.65,100.26,88.0,73,1,9.93,TH,1587410945
501,Santa Cruz de La Palma,28.68,-17.76,68.0,77,40,18.34,ES,1587410946
502,Batagay,67.63,134.63,10.9,91,99,3.44,RU,1587410946
503,Brits,-25.63,27.78,62.6,59,0,2.24,ZA,1587410946
504,Saint-Leu,-21.15,55.28,77.0,73,65,11.41,RE,1587410946
505,Gold Coast,-28.0,153.43,60.01,87,98,3.36,AU,1587410662
506,Cap Malheureux,-19.98,57.61,73.0,88,15,4.0,MU,1587410947
507,Kota Belud,6.35,116.43,78.8,88,20,5.82,MY,1587410947
508,Koslan,63.46,48.9,33.3,87,85,1.63,RU,1587410947
509,Guane,22.2,-84.09,88.83,53,9,14.41,CU,1587410948
510,Rocha,-34.48,-54.33,79.0,49,0,5.84,UY,1587410948
511,Lagan,45.39,47.37,55.54,76,80,8.79,RU,1587410949
512,Uzyn,49.83,30.41,45.0,45,76,8.95,UA,1587410949
513,Dakar,14.69,-17.44,71.6,78,1,11.41,SN,1587410800
514,Onega,63.91,38.14,33.01,92,91,2.98,RU,1587410949
515,Snezhnogorsk,69.19,33.25,37.4,64,100,11.18,RU,1587410950
516,Wajid,3.81,43.25,76.42,75,89,4.59,SO,1587410950
517,Salalah,17.02,54.09,82.4,74,20,5.82,OM,1587410933
518,Caraballeda,10.61,-66.85,77.0,72,78,3.71,VE,1587410950
519,Udachny,66.42,112.4,19.78,91,12,4.88,RU,1587410951
520,Yakeshi,49.28,120.73,18.14,89,100,19.66,CN,1587410951
521,Chabahar,25.29,60.64,85.48,49,0,7.65,IR,1587410951
522,Yala,6.33,101.25,75.34,91,10,1.92,TH,1587410951
523,Jalu,29.03,21.55,84.34,13,0,15.52,LY,1587410952
524,Nhulunbuy,-12.23,136.77,77.0,88,1,3.36,AU,1587410952
525,Aquiraz,-3.9,-38.39,87.8,58,20,10.29,BR,1587410952
526,Hamilton,39.18,-84.53,64.99,25,1,9.17,US,1587410864
527,Lishui,28.46,119.91,61.99,85,100,0.67,CN,1587410952
528,Malmesbury,-33.46,18.73,61.0,97,90,6.02,ZA,1587410953
529,Kalmunai,7.42,81.82,82.67,79,61,6.8,LK,1587410953
530,Marawi,8.0,124.29,68.99,74,39,3.44,PH,1587410953
531,Hokitika,-42.72,170.97,48.52,76,64,6.04,NZ,1587410954
532,Santa Isabel,-23.32,-46.22,78.8,57,40,6.93,BR,1587410954
533,Buala,-8.14,159.59,81.16,78,71,2.82,SB,1587410954
534,Alice Springs,-23.7,133.88,73.4,40,96,17.22,AU,1587410926
535,La Ronge,55.1,-105.28,26.6,45,20,5.82,CA,1587410954
536,Moree,-29.47,149.85,55.4,66,92,6.93,AU,1587410955
537,Shitanjing,39.23,106.34,44.01,10,59,1.01,CN,1587410955
538,Santa Maria,-29.68,-53.81,84.2,35,0,3.36,BR,1587410955
539,Forestville,38.85,-76.88,62.01,51,75,4.7,US,1587410955
540,Aykhal,66.0,111.5,20.73,85,9,5.21,RU,1587410955
541,Ottersberg,53.1,9.15,55.4,43,0,13.87,DE,1587410956
542,Dwārka,22.24,68.97,80.46,85,0,12.06,IN,1587410956
543,Ucluelet,48.93,-125.55,53.01,76,90,5.82,CA,1587410844
544,Wukari,7.85,9.78,91.06,35,95,4.97,NG,1587410956
545,Vestmanna,62.16,-7.17,46.4,81,0,4.7,FO,1587410957
546,Platteville,42.73,-90.48,60.8,36,75,17.22,US,1587410957
547,Gijang,35.24,129.21,50.0,57,100,4.7,KR,1587410957
548,Tuni,17.35,82.55,80.65,70,60,3.74,IN,1587410957
549,Vallenar,-28.57,-70.76,79.97,31,2,9.35,CL,1587410958
550,Laguna,38.42,-121.42,64.0,55,90,9.17,US,1587410958
551,Kavieng,-2.57,150.8,83.48,74,28,3.71,PG,1587410913
552,Villa Bruzual,9.33,-69.12,90.19,47,57,4.32,VE,1587410958
553,Nador,35.17,-2.93,64.4,68,24,8.05,MA,1587410671
554,Funtua,11.52,7.31,87.71,23,100,4.14,NG,1587410959
555,Vila Velha,-20.33,-40.29,78.01,73,75,9.17,BR,1587410731
556,Kumluca,36.37,30.29,65.35,63,47,3.85,TR,1587410959
557,Benghazi,32.12,20.07,80.31,25,4,15.5,LY,1587410959
558,Puerto Palomas,31.77,-107.62,75.2,14,1,13.87,MX,1587410959
559,Kuressaare,58.25,22.5,42.8,75,33,9.17,EE,1587410960
560,Nioro,13.35,-15.75,100.71,16,11,9.24,GM,1587410960
561,Ust-Kuyga,70.02,135.6,18.27,96,100,6.11,RU,1587410960
562,Sistranda,63.73,8.83,48.2,66,25,2.24,NO,1587410867
563,Tcholliré,8.4,14.17,85.15,42,100,1.39,CM,1587410961
564,Goundam,16.41,-3.67,98.58,13,59,7.36,ML,1587410961
565,Valparaíso,-33.04,-71.63,69.8,56,97,9.17,CL,1587410962
566,Amalfi,6.91,-75.08,70.75,60,60,2.68,CO,1587410962
567,Severnoye,56.35,78.36,49.87,63,58,3.91,RU,1587410962
568,Nushki,29.55,66.02,72.7,24,76,3.38,PK,1587410962
569,Qaraçala,39.81,48.95,59.63,77,43,8.66,AZ,1587410962
570,Nouadhibou,20.93,-17.03,71.6,60,0,20.8,MR,1587410963
571,Kollam,8.88,76.6,84.2,74,20,4.18,IN,1587410963
572,Acapulco de Juárez,16.86,-99.89,82.4,74,20,11.41,MX,1587410749
573,Takoradze,4.88,-1.76,83.97,75,4,11.86,GH,1587410963
574,Pisco,-13.7,-76.22,77.0,61,2,17.22,PE,1587410964
575,Alvorada,-12.48,-49.12,83.55,65,64,4.43,BR,1587410964
576,Prince Albert,53.2,-105.77,35.6,37,40,10.29,CA,1587410964
577,Abhā,18.22,42.51,60.8,67,20,4.7,SA,1587410772
578,Santa Maria da Vitória,-13.39,-44.19,80.24,64,54,6.04,BR,1587410964
579,Yenotayevka,47.25,47.03,56.08,68,100,11.07,RU,1587410965
580,Melur,10.05,78.33,83.68,60,30,4.83,IN,1587410965
581,Khuzhir,53.19,107.34,21.76,86,3,4.56,RU,1587410965
582,Karasburg,-28.02,18.75,72.27,22,44,11.79,NA,1587410965
583,Tokur,53.13,132.9,15.3,87,100,6.85,RU,1587410966
